846.1 770.5
835.7 1088.5
856.4 1099.2
937.9 800.1
848.5 902.3
736.6 974.8
961.3 932.0
1001.8 1015.1
1013.0 1140.0
830.0 875.3
803.1 802.6
862.7 747.9
867.5 1400.3
896.6 1181.6
837.3 783.4
929.4 769.8
837.5 1107.5
941.2 862.3
1056.6 899.6
951.8 660.4
693.1 826.1
1145.8 1053.4
876.2 802.9
957.0 579.8
1102.3 904.1
989.7 756.4
940.4 794.9
977.3 1083.5
902.5 780.6
792.6 750.0
844.8 973.4
931.0 1405.8
849.6 1309.4
885.2 619.5
1068.6 1166.5
906.2 1115.0
878.4 1313.9
883.0 1004.7
1010.8 1477.6
805.2 1036.5
970.6 1033.0
860.7 1163.4
887.6 1098.0
913.2 1132.3
871.5 1009.9
822.7 920.5
893.6 816.6
735.4 1541.8
867.8 1226.6
796.6 1150.9
996.4 1085.9
819.0 1031.9
946.5 1219.3
980.7 1063.4
980.1 1047.3
901.0 1210.3
867.5 1062.4
949.4 1014.6
1044.1 920.2
1059.2 1096.3
916.0 1305.1
882.0 869.4
768.1 912.8
847.3 559.6
898.4 982.6
965.6 939.0
881.9 878.9
853.7 1298.5
990.7 862.3
976.6 1148.6
990.2 1028.0
696.8 1054.5
880.1 785.8
881.9 1173.9
1110.3 1352.3
978.1 868.3
786.0 1377.1
799.0 1209.0
867.9 1149.6
838.9 903.7
704.2 1093.4
907.9 994.3
918.3 1203.5
906.4 1434.8
901.4 1257.4
953.4 1101.8
975.5 1211.3
1027.8 842.9
823.6 1043.4
751.3 1229.8
1068.0 822.8
873.7 1077.7
923.0 1268.5
918.7 783.3
911.2 971.1
965.4 912.7
838.2 1118.3
966.9 1158.4
931.6 1058.1
770.0 1101.8
868.4 967.7
933.4 921.3
979.5 843.6
834.7 1064.9
713.9 1145.9
884.5 655.3
965.5 849.2
848.5 723.7
966.6 1077.7
906.5 1113.6
931.9 986.2
929.7 1084.3
831.1 1054.6
937.1 1103.5
834.4 731.5
1012.1 1111.6
811.8 947.5
969.5 1337.1
899.2 859.8
798.1 944.2
1044.3 987.5
729.0 924.5
902.9 1216.4
694.6 1270.5
919.4 1108.9
885.5 1023.2
988.6 1033.1
825.3 1247.8
721.0 839.7
870.5 967.2
956.3 989.9
988.1 1148.0
832.5 609.9
749.2 842.8
977.7 1141.9
809.6 816.2
870.3 944.3
1030.4 1041.1
803.5 1022.0
993.8 811.4
878.0 990.9
932.7 764.4
994.6 1099.7
973.8 999.8
913.6 1070.0
927.7 761.8
967.7 1069.2
833.3 1045.9
890.4 978.4
885.0 855.2
917.5 1082.9
927.0 1002.9
887.8 1066.8
842.3 1013.6
882.1 1423.0
903.3 751.0
966.1 1008.6
813.2 1026.1
949.3 953.4
978.4 910.2
815.9 1027.3
1006.5 695.9
1061.2 1013.3
612.4 1429.4
835.8 1082.1
911.7 1143.9
974.3 1423.2
979.0 805.5
1099.8 1215.1
709.2 767.9
847.1 863.9
913.7 897.2
630.9 1006.7
829.4 808.1
987.8 1087.8
922.7 1134.5
925.0 1175.1
916.9 1063.7
891.9 828.9
866.9 1112.7
936.3 979.1
1037.7 1294.4
920.7 1186.8
931.1 903.2
975.1 924.8
870.8 1047.7
813.7 1357.9
771.9 746.1
869.5 1255.2
927.0 1172.0
822.2 1043.1
1064.1 907.1
839.7 1523.8
1044.9 1217.8
753.9 1050.8
959.9 1010.1
1008.3 1313.7
1009.0 887.1
852.3 1139.9
921.7 599.4
