7152.5 8630.8
5942.3 7531.9
6879.0 8943.6
5565.8 7313.8
6947.2 8664.6
5311.7 7037.4
6318.6 8078.8
6522.4 9331.0
5369.0 6836.7
5675.4 7153.6
6503.6 8412.5
5420.3 7500.3
7293.0 9657.7
6417.2 7711.1
7246.5 8310.0
7114.7 8977.6
5103.6 7013.6
5253.5 7054.9
7014.1 8402.7
6549.5 8442.3
6015.3 8358.9
7032.0 8759.4
6795.0 9009.1
5323.0 7069.7
6625.9 8557.8
5629.4 8279.4
6313.4 8081.7
7102.7 8790.3
7047.4 8745.3
6900.5 9322.0
6817.7 8333.7
6923.1 8296.4
5569.3 7717.5
6122.5 8424.2
5856.2 7539.8
4698.0 6485.4
5479.0 7087.6
6247.2 8439.9
7293.6 9279.6
6180.7 8013.2
6419.7 8059.5
6042.2 8618.1
7064.4 8717.5
4453.5 6075.4
6009.3 8021.9
6216.9 7674.4
5906.1 7428.1
6445.0 8080.0
5354.2 6964.0
5714.0 6759.8
6258.3 8097.6
5955.3 8342.8
6294.6 8510.9
6827.4 9346.8
5441.3 7239.0
7513.3 8610.8
5881.3 8094.3
5222.7 7605.9
5277.6 6745.4
5896.0 7919.6
6702.7 9013.8
5458.1 7905.8
6001.0 7374.6
6468.5 7455.9
7563.3 9388.2
4019.7 5862.0
6901.8 9466.7
5756.5 7194.1
5906.9 7835.9
6615.1 8371.8
6010.6 7475.3
5425.4 7123.8
5807.1 7506.6
6329.2 7642.8
6786.5 8465.6
5465.8 7243.6
6549.2 8370.2
7484.6 10073.6
4502.9 6407.7
4934.3 6872.8
7329.6 9047.7
6117.7 7694.3
6211.8 7715.6
6104.1 8111.7
4510.4 6464.6
6903.4 8463.2
5879.6 7715.5
5897.5 7201.0
7124.0 10099.9
7780.0 10270.1
5674.1 7331.2
6956.6 8123.6
6733.6 8765.8
5835.8 8169.7
7023.0 8777.4
6985.6 9666.5
5585.2 7606.8
6384.7 8314.3
6463.2 8700.3
6864.1 10032.6
6251.1 8690.2
6225.2 8169.1
5807.2 7394.0
6678.4 8379.7
5845.2 7750.7
6198.2 7812.2
5574.3 6758.8
6902.9 8465.1
5363.8 7012.5
5849.9 7164.8
6329.2 8256.4
5518.8 7104.3
6220.2 8122.7
6852.9 8777.8
4569.1 6306.7
6131.9 8731.6
4358.8 5895.1
6966.8 8382.4
6424.6 8637.8
6716.8 8538.3
6421.9 7316.3
8282.3 9805.7
6958.1 8667.7
5657.3 7469.4
5755.1 7092.9
6522.8 7867.0
4592.3 6067.5
5603.2 7100.1
7501.0 9398.6
5476.2 8039.0
6670.0 8099.0
6648.6 9320.4
6685.3 8503.3
6058.1 7909.9
6340.7 7469.3
6370.0 7694.6
6364.9 8510.8
7183.2 8928.3
6516.0 7907.5
6573.8 8628.2
6295.1 7663.4
5548.7 7943.0
7146.4 8728.5
6549.5 8016.7
5599.3 7436.6
6402.8 8041.0
6594.5 8891.5
5891.6 7704.0
7139.8 8802.3
8012.3 10027.4
4740.5 6627.9
7029.9 9476.9
4625.2 7064.5
6384.4 8465.7
6344.0 9232.9
6618.5 8079.4
6845.8 9032.9
6421.4 8673.0
6420.0 7872.9
5000.4 7525.3
7329.9 9646.0
7112.8 9610.0
6602.3 8780.3
6554.8 8302.4
5512.9 6870.7
5797.5 7904.6
5243.6 7016.8
7247.7 10080.4
5593.4 6742.8
6502.5 8567.8
6579.8 8082.8
5987.1 7898.4
6592.3 8352.5
5734.7 7548.6
6394.4 8996.1
6757.6 9012.4
6234.0 7786.1
6921.8 8622.0
6115.4 7993.5
7773.4 9209.4
5393.2 8158.9
7808.9 9268.5
6956.2 9523.7
6305.9 8315.5
5745.5 7726.5
6206.9 7647.8
5682.3 8094.0
5134.5 6506.8
5679.9 7857.6
6460.1 8656.2
6097.1 7272.1
6951.6 8538.4
5847.1 7812.7
5146.1 6554.5
6082.8 7636.6
7232.2 9213.3
7813.9 9626.3
6183.2 7552.5
7398.7 9373.0
5682.7 7943.2
