1.259
1.665
3.475
1.343
1.141
2.561
9.158
1.212
2.329
1.358
2.808
2.898
2.212
1.306
1.014
2.847
1.817
1.807
1.540
2.764
2.201
1.158
2.439
1.513
1.756
1.206
2.211
1.026
1.155
2.082
1.021
2.250
2.054
1.618
1.565
1.429
6.428
2.673
1.632
2.426
1.574
4.657
1.464
1.109
4.635
1.900
1.399
42.683
2.475
5.516
1.430
1.853
1.014
18.347
1.328
1.802
1.118
1.272
1.146
5.211
1.160
16.156
9.400
1.458
2.825
1.905
5.052
1.079
1.010
2.780
1.159
1.360
4.022
2.942
13.061
2.318
1.162
2.013
1.348
2.796
82.666
1.065
4.709
1.339
12.906
1.854
1.224
1.828
4.656
1.009
1.227
1.510
3.769
2.106
1.286
1.037
3.307
1.081
1.145
1.509
1.157
26.129
1.556
3.490
1.348
8.477
1.322
1.412
1.054
2.315
1.521
32.425
3.610
4.300
1.231
2.459
1.566
1.114
2.238
6.584
1.202
1.022
1.764
1.077
1.426
1.132
6.363
1.192
1.566
19.769
1.089
3.349
4.040
1.077
1.852
2.305
1.678
1.123
1.114
2.677
4.125
1.510
1.332
9.739
1.151
2.809
2.171
16.432
12.862
1.915
3.948
4.056
19.934
2.658
1.080
1.148
1.583
1.194
1.032
13.169
1.995
1.573
3.066
5.556
1.296
1.861
1.982
1.684
4.774
1.201
2.682
1.398
1.157
1.042
2.548
2.323
2.492
1.017
1.164
1.150
1.640
1.048
2.428
4.905
1.865
38.512
3.272
3.197
1.880
1.704
1.127
1.180
1.688
1.017
1.289
2.741
1.666
1.024
1.400
1.877
1.712
32.084
2.329
1.545
1.030
1.585
1.028
1.437
1.169
1.114
2.419
18.140
3.034
2.845
3.649
2.234
10.216
7.056
2.448
2.732
7.704
1.326
8.752
2.510
1.811
1.207
1.376
1.341
3.775
7.767
1.393
4.194
1.665
4.540
3.606
1.549
1.197
2.168
1.038
17.193
1.370
2.882
39.631
1.148
1.944
1.392
22.404
2.497
1.313
1.843
2.897
1.332
2.021
1.380
1.021
1.994
1.921
3.172
1.042
1.452
1.070
1.609
8.804
2.308
1.263
9.183
2.709
7.814
1.604
1.592
1.048
1.829
2.407
2.127
1.024
2.968
3.488
1.710
2.826
2.255
1.719
9.761
1.786
4.528
1.442
1.038
1.057
11.132
10.178
1.229
1.254
17.368
1.570
1.853
1.135
1.117
2.843
1.160
1.192
4.049
1.836
1.313
1.476
1.173
1.742
1.529
1.336
2.130
1.559
1.834
1.887
1.649
1.012
3.341
1.125
2.075
5.943
2.143
1.063
1.712
1.752
8.587
1.117
1.246
1.309
3.361
1.152
1.277
11.025
2.221
1.730
1.019
1.493
9.978
3.302
1.368
1.613
1.150
1.062
1.269
2.572
1.031
1.846
4.216
1.041
1.098
1.207
1.056
1.137
3.887
2.604
1.370
3.663
1.075
2.261
5.854
1.254
8.606
2.322
1.523
5.119
1.885
1.707
1.662
1.072
1.453
1.247
1.822
7.983
1.201
80.250
5.283
1.066
4.143
1.136
8.870
5.846
1.231
1.343
1.259
1.694
1.544
1.672
1.174
1.461
1.323
1.526
1.963
4.398
1.019
1.034
35.911
1.305
7.580
1.320
1.378
1.035
1.207
9.633
1.205
3.483
1.238
2.768
3.971
1.184
1.000
2.004
5.112
1.671
5.416
15.240
1.974
5.948
7.374
1.446
1.957
1.126
2.723
18.467
1.283
3.254
1.038
7.521
1.362
1.602
3.110
1.279
9.940
1.515
4.367
1.560
1.791
1.542
1.892
2.673
2.495
1.596
1.886
2.367
6.300
1.013
3.835
1.493
1.268
1.816
2.570
1.425
2.881
1.005
1.000
2.078
1.885
1.299
5.782
2.440
1.043
3.991
1.314
1.900
1.210
1.064
1.628
17.811
1.452
1.978
6.375
1.584
1.103
1.680
3.768
1.076
1.591
1.555
4.836
4.346
2.594
1.495
1.030
1.192
2.660
1.439
9.817
1.109
4.139
3.110
1.267
1.151
1.353
2.021
1.746
1.137
1.904
2.222
1.313
1.523
15.205
1.147
5.702
1.256
1.145
1.500
1.523
1.206
7.318
1.209
3.269
1.976
1.054
2.534
1.498
1.569
2.238
3.730
2.127
1.684
1.134
7.039
1.519
18.695
1.608
1.283
1.606
1.433
3.439
3.797
2.824
2.936
2.153
2.088
2.216
15.794
1.565
12.083
1.870
1.399
1.960
6.134
103.845
1.048
19.661
1.644
1.841
1.207
1.088
3.514
2.466
1.067
1.127
2.574
3.856
1268.381
1.113
1.213
1.168
2.280
2.909
1.878
1.083
8.322
2.405
1.970
1.723
1.017
5.912
2.183
2.784
2.971
1.607
18.897
1.060
3.908
2.822
3.773
1.434
1.248
2.620
3.169
1.253
3.393
1.134
3.807
2.198
4.552
2.471
1.235
4.491
4.132
1.054
2.429
4.830
2.288
3.003
35.434
1.285
1.434
3.873
2.529
2.008
1.219
3.768
1.270
4.453
11.514
1.796
1.136
6.214
4.229
1.604
1.017
1.591
1.194
3.017
1.230
5.134
1.001
10.727
3.820
4.152
5.554
2.074
6.705
1.159
5.094
4.013
3.475
4.368
1.780
1.192
1.002
1.629
1.907
1.231
1.013
1.587
2.007
2.235
1.429
11.720
2.412
3.203
1.772
1.205
4.981
1.423
1.462
1.624
1.745
35.966
8.463
2.930
1.072
1.685
1.231
12.350
1.597
1.158
1.003
1.765
2.510
2.192
3.648
2.191
3.914
1.023
2.057
14.840
1.075
1.621
1.572
1.461
1.754
2.656
1.093
1.083
5.342
1.878
1.690
1.419
2.227
2.251
3.255
3.363
1.006
1.441
2.071
3.163
1.167
1.046
3.680
1.810
1.094
1.946
1.958
1.005
1.326
3.539
16.870
2.961
1.193
2.415
1.384
3.214
1.243
32.226
4.882
3.069
1.439
1.173
2.603
2.011
1.032
1.084
1.244
1.856
1.938
1.180
1.055
2.201
1.486
4.577
1.549
1.091
2.070
13.423
35.362
3.625
1.440
2.507
1.351
2.131
6.402
15.778
6.244
1.105
3.085
1.322
2.691
1.254
1.448
1.310
1.219
1.004
1.030
1.112
1.137
13.514
4.786
17.477
2.055
1.564
1.533
3.405
1.727
7.257
1.167
4.134
2.913
1.365
1.154
3.184
1.104
2.578
1.143
1.152
1.103
2.647
1.525
1.010
2.393
8.088
2.521
1.336
6.199
1.180
1.300
1.009
1.024
1.087
1.889
2.000
12.969
1.683
1.348
1.350
1.163
17.065
1.732
9.046
3.022
1.382
3.746
1.153
1.020
1.121
3.718
1.243
1.115
3.420
1.065
1.326
1.187
1.392
1.010
4.280
1.290
1.102
1.579
1.183
1.434
2.850
2.674
1.171
1.017
1.532
3.879
1.180
1.521
1.108
4.361
3.261
1.352
2.536
2.536
1.256
1.676
1.114
1.070
6.805
1.050
6.052
1.379
1.220
1.355
2.837
3.526
1.739
22.064
5.041
1.131
1.208
1.960
21.196
1.209
5.273
2.003
2.077
1.057
47.454
3.005
1.097
1.322
1.759
6.569
4.141
1.411
1.987
2.268
2.171
1.017
1.212
55.542
6.737
1.715
1.023
1.216
1.643
2.169
3.099
2.985
15.405
1.439
2.871
1.142
1.009
6.754
3.603
2.142
1.420
5.159
1.888
2.166
1.612
2.367
1.870
1.337
5.649
2.825
1.070
2.499
1.533
68.004
1.977
1.194
2.803
2.199
3.429
14.829
2.269
1.577
2.734
1.364
1.489
2.593
1.989
1.193
4.393
1.570
1.480
1.578
1.256
1.378
1.438
10.187
1.156
1.510
1.985
2.203
3.236
3.030
1.522
1.821
2.154
1.196
2.905
1.432
2.285
2.743
1.433
1.005
1.183
1.014
1.503
2.591
2.358
4.948
1.141
31.055
4.836
3.198
1.506
1.011
2.293
2.251
1.103
1.640
1.568
2.287
2.997
4.309
1.232
3.605
1.310
1.199
3.325
3.032
5.200
3.572
3.318
2.035
1.247
1.654
8.063
2.036
1.709
1.134
1.587
30.343
1.450
2.449
9.611
1.548
2.015
2.913
2.627
1.629
2.204
1.210
1.206
1.872
7.261
3.996
1.180
1.062
6.533
1.344
1.032
2.219
1.268
2.460
1.506
1.527
1.598
1.106
1.919
1.154
1.359
29.319
1.283
5.105
3.851
