350.679 365.072 369.438 341.794 370.960 348.542 354.961 352.684 356.232 346.113
349.056 366.898 371.662 344.392 371.601 347.953 355.961 354.277 355.804 344.766
351.519 367.114 371.047 344.434 372.191 351.316 355.416 352.506 357.331 345.261
350.140 366.307 370.995 344.264 371.204 351.015 357.414 352.651 356.881 346.014
352.484 367.037 370.171 343.372 370.292 350.836 355.497 352.758 355.163 343.838
348.116 366.893 370.529 342.394 370.388 348.641 352.330 352.329 354.097 344.098
352.257 365.078 370.915 343.558 371.975 349.513 356.010 351.969 356.427 345.943
350.030 365.458 368.594 342.754 375.320 347.830 355.199 352.579 356.520 345.614
350.367 366.951 371.182 343.720 371.201 350.269 356.227 352.045 357.075 345.023
349.746 368.216 370.529 344.384 371.705 350.829 355.869 352.008 356.787 347.020
