sample0 2.754 2.040 0.759 -0.974 0.040 0.334 -0.205 0.904 0.708 -0.159 0.586 0.960 1.758 -0.241 0.779
sample1 0.506 0.424 2.434 0.554 3.560 0.092 1.214 -0.483
sample2 -0.102 0.609 -0.209 -0.777 -0.356 0.954 -0.590 0.426 -0.934 -0.204
sample3 -3.638 0.263 -0.336 0.445 -1.346 1.100 -0.659 1.462 0.659
sample4 1.379 -0.400 -3.323 -1.824 0.192 -1.063 -0.602 -0.009
sample5 -0.638 0.296 -2.296 -1.521 0.354 0.030 -1.219 -1.408 1.248 -0.579 0.516 1.858
sample6 -0.535 0.166 0.459 0.205 -0.482 -0.546 0.632 1.664 0.343 -0.191 -0.589 -0.299
sample7 1.326 1.035 1.082 -0.041 -1.384 0.019 -0.688 1.836
sample8 0.028 -0.954 0.229 -0.676 -0.604 -0.722 -3.432 0.114 0.676 -0.993 -0.119 0.003
sample9 0.965 0.690 0.823 0.605 -0.225 2.806 1.212 0.663 -1.813 0.967 -1.688 -0.276 -0.782 0.009
