-0.287
0.761
4.629
0.753
-3.104
0.845
-1.900
2.122
-4.638
1.855
-2.229
-4.308
-2.738
1.241
0.505
-0.387
-0.425
3.933
2.379
-3.414
-1.537
0.093
-2.053
-0.119
1.708
0.991
0.416
-4.489
2.387
-1.154
-7.489
-0.121
1.107
0.939
0.316
0.624
3.034
1.098
-0.846
0.322
-3.406
-0.246
-0.035
-2.312
4.649
-6.051
4.195
-1.928
-3.114
0.035
2.996
7.319
-0.973
3.395
-4.956
0.033
-3.301
-1.743
-3.389
-0.823
3.109
-2.784
-2.334
1.126
1.405
-3.582
1.564
-0.597
-0.023
0.154
-0.426
-0.364
-0.370
-2.459
1.868
6.593
1.363
1.329
0.410
-3.263
-3.041
-0.434
-4.396
0.705
-6.224
-0.735
0.595
3.707
-0.612
0.148
-3.515
-1.929
5.562
-0.167
-1.516
1.507
1.137
-2.998
-0.086
-1.166
2.184
2.253
-1.139
-0.073
0.628
8.454
1.067
0.398
-0.553
-1.601
2.010
-0.931
-0.391
1.884
1.145
1.612
0.036
2.211
-0.285
-0.440
0.771
-0.659
-0.017
-3.581
0.635
-0.088
-0.719
-6.471
-3.650
1.084
-0.492
-1.010
-2.277
-0.889
-0.640
-1.378
-5.205
4.851
2.043
-8.097
-1.415
0.728
-0.939
-0.294
1.447
0.556
-0.700
-6.919
-3.583
-0.843
-3.921
2.022
-0.818
-2.657
-1.658
0.617
-0.175
-0.132
6.614
-8.984
1.559
0.492
5.229
-1.498
0.134
0.003
1.344
0.763
-0.226
-0.476
-1.994
-0.957
1.150
0.078
3.317
2.484
-13.720
1.554
-6.744
-0.958
-1.361
-0.049
-6.685
0.336
-0.045
-0.754
-1.198
-7.739
-4.709
-2.595
0.160
8.435
4.606
0.430
8.860
-0.560
-0.712
0.710
-0.136
-0.863
