0.2520 -1.2449
-0.0060 -0.1633
-0.2230 -1.0371
0.9891 -0.1294
-0.0917 -1.0474
0.1284 -1.4051
-0.9154 -0.4182
-0.7612 -0.6869
-0.5802 0.3960
0.1545 -0.9494
-0.6555 -0.7812
-0.5346 0.4888
-0.4804 0.4591
0.2848 -1.0087
0.0176 -1.0554
-0.6470 -0.7479
-0.2662 -1.2187
-0.6376 -0.7748
-0.1133 -0.9937
0.9816 -0.3375
0.5034 0.5132
-0.6898 -0.6167
0.0003 -0.4331
-0.0178 -0.2679
0.4283 -0.8525
-0.6266 -0.6926
-0.1590 -1.4152
-0.4992 0.5192
0.7462 -0.5764
0.0058 -0.2788
0.3601 -0.8677
0.3459 -0.9326
-0.6080 0.3441
-0.4385 0.6743
-0.1043 -1.3937
0.0832 -1.4306
-0.6500 -0.8410
-0.6728 0.4962
-0.9689 -0.3582
-0.6544 -0.6909
-0.2690 -1.2168
0.5836 -0.7540
-0.9916 -0.2583
0.1794 -1.3231
0.3020 0.4973
-0.4995 0.4953
0.3923 -0.8894
0.1590 -1.3677
0.4962 0.5073
0.6097 0.5309
-0.0361 -1.4471
0.5775 0.6702
0.8829 -0.5915
-0.8544 -0.4373
-0.2547 -1.0179
-0.3200 -1.0628
-0.8956 -0.4068
0.0867 -1.4446
-0.9831 -0.1386
0.6425 0.4094
-0.5011 0.3559
-0.6584 -0.6499
-0.3343 0.5162
0.4986 -0.8060
0.8702 -0.5960
-0.3593 0.6022
-0.6813 0.4720
0.4880 0.6801
-0.2543 -0.9497
-0.1575 -1.4052
-0.5161 -0.8110
0.9160 -0.1489
-0.7892 -0.6340
0.2842 -1.0604
-0.9157 -0.4666
0.6190 0.5281
1.0414 -0.0602
-0.5575 -0.7438
-0.1996 -0.9883
0.1843 -1.3802
-0.9513 -0.2640
-0.5367 -0.7993
-0.6812 -0.7133
-0.6553 -0.6792
0.2569 -1.1677
0.4339 0.6870
0.7977 -0.5772
-0.8203 -0.6999
-0.4472 0.4852
0.0668 -0.9347
0.8855 -0.3064
0.1605 -1.3947
0.1537 -1.4252
0.2923 -1.1440
-0.4999 0.5000
0.0892 -1.4148
-0.5093 0.4217
0.4306 0.5787
-0.8741 -0.5229
-0.2546 -0.9351
-0.7731 -0.5041
0.3698 0.5119
-0.2855 -1.1396
-0.9313 -0.2005
-0.4382 0.5228
-0.1437 -1.4310
0.9159 -0.4205
-0.6954 -0.6203
0.5190 0.4604
0.3679 -0.9516
0.3338 0.5498
0.6660 -0.7140
0.5004 0.3896
-0.6640 -0.8235
-0.4321 0.5817
0.6688 0.5419
-0.5792 0.3900
-0.6430 -0.7158
0.4469 0.3308
0.1918 -1.3878
-0.9967 -0.3085
0.2101 -1.0366
0.4978 -0.8661
0.7944 -0.5954
-0.5634 0.6444
0.3971 0.4042
-0.2310 -1.0188
-0.6916 -0.6512
0.4343 0.4669
-0.4000 0.5785
-0.2763 -1.0365
0.0709 -0.4495
-0.0609 -1.0456
-0.3855 0.4649
0.4896 -0.9314
-0.5237 0.3696
-0.4238 0.5409
-0.4105 -0.9861
1.0012 -0.0443
-0.5274 -0.7993
0.0132 -0.9762
-0.0231 -1.4634
-1.0208 -0.0653
-0.2401 -1.3208
0.4627 0.5429
-0.5739 0.4694
-0.1878 -0.9909
0.0105 -0.5467
-0.0783 -1.0492
0.0724 -0.3540
-0.0983 -0.9274
0.8513 -0.5265
-0.4770 0.5412
0.3388 0.4003
-0.5071 0.4962
0.1481 -1.0411
0.2569 -1.1683
0.8338 -0.4441
-0.0428 -0.3481
-0.4546 -0.8267
0.1743 -1.3595
0.0096 -0.4113
-0.0325 -1.4553
-0.6089 0.5716
0.4959 -0.9117
-0.3080 -1.0079
-0.4921 0.5055
-0.9173 -0.1869
0.9579 -0.0096
-0.6383 0.5579
0.4780 0.3482
-0.9822 -0.2299
-1.0176 -0.0581
0.1697 -1.0277
-0.8334 -0.4471
-0.5160 0.4609
0.2103 -1.3144
0.7861 -0.5794
-0.4495 0.4972
0.0969 -1.0310
0.2705 -0.9536
-0.0533 -0.5362
0.2902 -1.0717
0.5885 0.4648
-0.6132 -0.8111
-0.0343 -0.9698
0.3143 -0.8764
-0.6069 0.6256
-0.4577 0.4989
0.4856 0.4122
0.6610 0.4571
0.3682 -0.8502
0.2862 -1.0992
-0.4877 -0.8569
-0.0097 -0.2711
0.8572 -0.4030
-1.0754 -0.0098
-0.3519 -0.9531
0.4530 0.5177
-0.1256 -1.4071
-0.8556 -0.5212
0.3877 0.4309
0.0892 -1.4112
0.5082 0.4732
0.4646 0.3518
0.9593 -0.0282
0.3806 -0.9927
0.0057 -1.0206
0.4549 0.5056
0.1998 -1.3107
0.4418 0.4191
0.3007 -1.0723
1.0539 -0.1152
0.2247 -1.2923
0.6303 -0.8272
-0.2000 -1.3255
0.7866 -0.5741
-0.3520 0.5621
0.5062 0.4958
-0.4127 0.4681
0.3342 0.5333
0.7286 -0.6354
-0.9580 -0.1467
0.2069 -1.3182
-0.4740 0.4728
-0.5460 0.4801
-0.0783 -1.4628
0.3637 0.4585
0.0256 -0.4768
-0.1660 -1.3689
0.0205 -0.1445
-0.3020 -1.0809
0.3651 0.4761
0.9556 -0.1972
0.5609 -0.9032
-0.5910 0.4463
0.2829 -1.1613
-0.6797 -0.7298
-0.8790 -0.3653
-0.0298 -0.2033
-0.4518 0.6458
-0.8763 -0.4127
0.1978 -1.3286
-0.1876 -1.3556
0.5468 0.3886
0.4043 0.5069
0.5031 -0.7886
-1.0211 -0.2031
1.0495 -0.1977
0.5997 0.5157
0.6181 0.5637
0.3968 0.6033
-0.0304 -1.0210
0.1038 -1.4316
0.2100 -1.3510
-0.2192 -1.0569
-0.0948 -1.4024
0.5955 0.5897
0.2649 -1.1462
1.0259 -0.1379
-0.3597 -0.9272
-0.3339 -0.9678
-0.1560 -0.9582
-0.4908 0.4984
